19.2
15.552
28.2268
32
32
32
32
32
32
32
32
32
32
32
32
32
32
32
32
32
32
32
32
32
32
32
32
32
32
32
32
32
32
32
32
32
32
32
32
32
32
32
32
32
32
32
32
32
32
32
32
32
32
32
32
32
32
32
32
32
32
32
32
32
32
32
32
32
32
32
32
32
32
32
32
32
32
32
32
32
32
32
32
32
32
32
32
32
32
32
32
32
32
32
32
32
32
32
32
32
32
32
32
32
32
32
32
32
32
32
32
32
32
32
32
32
32
32
32
32
32
32
32
32
32
32
32
32
32
32
32
32
32
32
32
32
32
32
32
32
32
32
32
32
32
32
32
32
32
32
32
32
32
32
32
32
32
32
32
32
32
32
32
32
32
32
32
32
32
32
32
32
32
32
32
32
32
32
32
32
32
32
32
32
32
32
32
32
32
32
32
32
32
32
32
32
32
32
32
32
32
32
32
32
32
32
32
32
32
32
32
32
32
32
32
32
32
32
32
32
32
32
32
32
32
32
32
32
32
32
32
32
32
32
32
32
32
32
32
32
32
32
32
32
32
32
32
32
32
32
32
32
32
32
32
32
32
32
32
32
32
32
32
32
32
32
32
32
32
32
32
32
32
32
32
32
32
32
32
32
32
32
32
32
32
32
32
32
32
32
32
32
32
32
32
32
32
32
32
32
32
32
32
32
32
32
32
32
32
32
32
32
32
32
32
32
32
32
31.4306
32
30.8051
32
30.1921
32
29.5913
32
29.0024
32
28.4253
32
27.8595
32
27.3052
32
26.7618
32
26.2292
31.7373
25.7073
31.1058
25.1958
30.4868
24.6943
29.88
24.2029
29.2855
23.7212
28.7027
23.2492
28.1315
22.7866
27.5718
22.3331
27.023
21.8887
26.4853
21.4531
25.9582
21.0261
25.4417
20.6077
24.9354
20.1977
24.4392
19.7957
23.9528
19.4018
23.4761
19.0156
23.009
18.6372
22.5511
18.2664
22.1023
17.9028
21.6625
17.5466
21.2314
17.1975
20.8089
16.8552
20.3948
16.5198
19.989
16.1911
19.5911
15.8689
19.2014
15.553
18.8192
15.2436
18.4446
14.9402
18.0776
14.6429
17.7179
14.3515
17.3653
14.0659
17.0198
13.786
16.6811
13.5116
16.3491
13.2428
16.0237
12.9792
15.7049
12.7209
15.3923
12.4678
15.086
12.2197
14.7859
11.9765
14.4916
11.7382
14.2032
11.5046
13.9206
11.2756
13.6436
11.0513
13.3721
10.8313
13.106
10.6158
12.8451
10.4045
12.5895
10.1975
12.339
9.9946
12.0934
9.79566
11.8528
9.60073
11.6169
9.40967
11.3857
9.22242
11.1592
9.03891
10.9371
8.85902
10.7195
8.68274
10.5061
8.50997
10.297
8.34059
10.0922
8.17464
9.89133
8.01196
9.69446
7.85253
9.50156
7.69626
9.31247
7.54309
9.12717
7.39298
8.94553
7.24586
8.76749
7.10168
8.59302
6.96034
8.42201
6.82185
8.25442
6.68608
8.09017
6.55303
7.92919
6.42262
7.77137
6.29481
7.61671
6.16955
7.46517
6.04677
7.31661
5.92644
7.17101
5.80851
7.02831
5.69292
6.88843
5.57963
6.75135
5.46858
6.61699
5.35976
6.48534
5.25311
6.35627
5.14856
6.22978
6.62304
8.01386
6.49122
7.85439
6.36206
7.6981
6.23544
7.54489
6.11135
7.39476
5.98974
7.24759
5.87054
7.10338
5.75372
6.96201
5.63924
6.82348
5.52701
6.68769
5.41703
6.55459
5.30922
6.42415
5.20356
6.29631
5.10003
6.17101
4.99853
6.04821
4.89905
5.92787
4.80156
5.80989
4.70601
5.69428
4.61236
5.58095
4.52058
5.4699
4.43062
5.36104
4.34245
5.25435
4.25604
5.14979
4.17134
5.04732
4.08834
4.94687
4.00696
4.84844
3.92724
4.75196
3.84909
4.65738
3.77248
4.5647
3.69741
4.47388
3.62384
4.38483
3.55173
4.29759
3.48104
4.21206
3.41178
4.12824
3.34387
4.04609
3.27733
3.96557
3.21212
3.88666
3.14819
3.80932
3.08554
3.73351
3.02414
3.6592
2.96397
3.58639
2.90498
3.51502
2.84717
3.44507
2.79051
3.37651
2.73498
3.30933
2.68055
3.24347
2.62721
3.17892
2.57493
3.11566
2.52369
3.05366
2.47347
2.9929
2.42425
2.93334
2.376
2.87497
2.32872
2.81774
2.28238
2.76167
2.23695
2.70671
2.19244
2.65285
2.14881
2.60006
2.10605
2.54833
2.06414
2.49761
2.02306
2.44791
1.98281
2.3992
1.94335
2.35145
1.90468
2.30466
1.86677
2.25879
1.82962
2.21384
1.79321
2.16979
1.75753
2.12661
1.72255
2.08429
1.68827
2.04281
1.65468
2.00216
1.62175
1.96232
1.58948
1.92327
1.55785
1.885
1.52685
1.84748
1.49646
1.81072
1.46668
1.77469
1.43749
1.73936
1.40889
1.70475
1.38085
1.67083
1.35337
1.63758
1.32644
1.605
1.30004
1.57305
1.27417
1.54175
1.24882
1.51107
1.22397
1.481
1.19961
1.45153
1.17574
1.42264
1.15234
1.39433
1.12941
1.36659
1.10693
1.33939
1.08491
1.31274
1.06332
1.28661
1.04215
1.26101
1.02142
1.23592
1.00109
1.21132
0.98117
1.18721
0.961644
1.16359
0.942507
1.14043
0.923752
1.11774
0.905368
1.09549
